0.041 8.04321
0.083 1.78523
0.125 1.98513
0.167 3.19078
0.209 3.51689
0.25 3.5469
0.292 2.45566
0.334 2.3727
0.376 2.33306
0.418 3.39564
0.459 3.45419
0.501 3.49887
0.543 2.52574
0.585 2.39778
0.627 2.34385
0.668 3.30899
0.71 3.40694
0.752 3.45046
0.794 2.56596
0.836 2.35306
0.878 2.30464
0.919 3.36183
0.961 3.51413
1.003 3.44483
1.045 2.60187
1.087 2.3944
1.128 2.38811
1.17 3.33318
1.212 3.52753
1.254 3.44778
1.296 2.60505
1.337 2.52535
1.379 2.40725
1.421 3.21721
1.463 3.51584
1.505 3.44344
1.547 2.95873
1.588 2.39079
1.63 2.40092
1.672 3.31513
1.714 3.47632
1.756 3.51075
1.797 2.86699
1.839 2.43392
1.881 2.39638
1.923 3.31058
1.965 3.58211
2.006 3.51856
2.048 2.82852
2.09 2.41552
2.132 2.40116
2.174 3.26799
2.216 3.47632
2.257 3.46389
2.299 2.95132
2.341 2.38446
2.383 2.37134
2.425 3.14124
2.466 3.496
2.508 3.55303
2.55 3.18262
2.592 2.44332
2.634 2.42228
2.675 3.14652
2.717 3.55614
2.759 3.57136
2.801 3.13017
2.843 2.31551
2.885 2.34774
2.926 3.02131
2.968 3.53983
3.01 3.54608
3.052 3.09884
3.094 2.36905
3.135 2.33889
3.177 2.94988
3.219 3.42628
3.261 3.4788
3.303 3.14302
3.344 2.30422
3.386 2.30422
3.428 2.90446
3.47 3.49841
3.512 3.50334
3.554 3.18239
3.595 2.26423
3.637 2.29257
3.679 2.80328
3.721 3.42876
3.763 3.45097
3.804 3.2791
3.846 2.41816
3.888 2.36389
3.93 2.84576
3.972 3.46964
4.013 3.41385
4.055 3.2393
4.097 2.40962
4.139 2.34828
4.181 2.7909
4.222 3.55156
4.264 3.4625
4.306 3.21993
4.348 2.30942
4.39 2.34875
4.432 2.73597
4.473 3.42006
4.515 3.44798
4.557 3.33535
4.599 2.37138
4.641 2.32219
4.682 2.6872
4.724 3.47298
4.766 3.56817
4.808 3.35624
4.85 2.39929
4.891 2.3357
4.933 2.53871
4.975 3.43866
5.017 3.4748
5.059 3.4399
5.101 2.34393
5.142 2.34494
5.184 2.55773
5.226 3.43474
5.268 3.48847
5.31 3.46386
5.351 2.40092
5.393 2.30907
5.435 2.39386
5.477 3.47566
5.519 3.46382
5.56 3.38761
5.602 2.36408
5.644 2.31753
5.686 2.41929
5.728 3.45893
5.77 3.50101
5.811 3.47783
5.853 2.35931
5.895 2.34816
5.937 2.32933
5.979 3.48257
6.02 3.56565
6.062 3.59624
6.104 2.43699
6.146 2.33764
6.188 2.32173
6.229 3.37678
6.271 3.4651
6.313 3.48859
6.355 2.43513
6.397 2.38473
6.439 2.46545
6.48 3.35438
6.522 3.48769
6.564 3.43233
6.606 2.60944
6.648 2.39308
6.689 2.35088
6.731 3.35702
6.773 3.45625
6.815 3.4967
6.857 2.59492
6.898 2.29835
6.94 2.28908
6.982 3.32557
7.024 3.47306
7.066 3.52077
7.108 2.68561
7.149 2.39234
7.191 2.39747
7.233 3.28678
7.275 3.55439
7.317 3.49324
7.358 2.76155
7.4 2.27203
7.442 2.41781
7.484 3.22327
7.526 3.52636
7.567 3.62264
7.609 2.9135
7.651 2.34743
7.693 2.38423
7.735 3.2574
7.777 3.48944
7.818 3.60474
7.86 2.96246
7.902 2.35756
7.944 2.33376
7.986 3.26318
8.027 3.57753
8.069 3.52993
8.111 2.94083
8.153 2.38582
8.195 2.37705
8.236 3.24909
8.278 3.40574
8.32 3.5436
8.362 3.07256
8.404 2.34036
8.445 2.29727
8.487 3.1905
8.529 3.43889
8.571 3.46564
8.613 3.04127
8.655 2.33578
8.696 2.33322
8.738 2.99317
8.78 3.45299
8.822 3.65785
8.864 3.12264
8.905 2.384
8.947 2.32988
8.989 2.92748
9.031 3.39207
9.073 3.51056
9.114 3.10533
9.156 2.38753
9.198 2.43062
9.24 2.96983
9.282 3.49449
9.324 3.48777
9.365 3.24618
9.407 2.36672
9.449 2.33112
9.491 2.88077
9.533 3.58828
9.574 3.54577
9.616 3.21947
9.658 2.42798
9.7 2.32048
9.742 2.89281
9.783 3.45283
9.825 3.56724
9.867 3.23065
9.909 2.35705
9.951 2.30363
9.993 2.78123
10.034 3.41929
10.076 3.5502
10.118 3.29315
10.16 2.38967
10.202 2.38563
10.243 2.81342
10.285 3.41839
10.327 3.44662
10.369 3.28492
10.411 2.40465
10.452 2.39479
10.494 2.64275
10.536 3.43136
10.578 3.463
10.62 3.34514
10.662 2.43792
10.703 2.30697
10.745 2.64477
10.787 3.47317
10.829 3.55094
10.871 3.47884
10.912 2.36676
10.954 2.37911
10.996 2.64423
11.038 3.43656
11.08 3.58296
11.121 3.40271
11.163 2.40453
11.205 2.37379
11.247 2.55827
11.289 3.47857
11.331 3.52803
11.372 3.3767
11.414 2.42014
11.456 2.41727
11.498 2.55078
11.54 3.53051
11.581 3.54208
11.623 3.47923
11.665 2.3798
11.707 2.40966
11.749 2.45031
11.79 3.4953
11.832 3.46335
11.874 3.4651
11.916 2.40741
11.958 2.36051
12 2.31016
12.041 3.31004
12.083 3.37949
12.125 3.49387
12.167 2.51526
12.209 2.39382
12.25 2.42146
12.292 3.51044
12.334 3.42294
12.376 3.59791
12.418 2.442
12.459 2.38555
12.501 2.30158
12.543 3.38318
12.585 3.57171
12.627 3.43249
12.668 2.59481
12.71 2.36905
12.752 2.40104
12.794 3.44697
12.836 3.55629
12.878 3.48513
12.919 2.69245
12.961 2.38605
13.003 2.40321
13.045 3.38528
13.087 3.54189
13.128 3.49262
13.17 2.63833
13.212 2.31365
13.254 2.33753
13.296 3.28977
13.337 3.49138
13.379 3.50392
13.421 2.6886
13.463 2.37592
13.505 2.31621
13.547 3.24602
13.588 3.53867
13.63 3.51048
13.672 2.83935
13.714 2.35348
13.756 2.37868
13.797 3.34459
13.839 3.65184
13.881 3.56689
13.923 2.8359
13.965 2.44848
14.006 2.39937
14.048 3.22378
14.09 3.63557
14.132 3.59748
14.174 2.91327
14.216 2.41362
14.257 2.43746
END
