0.041 2.70829
0.083 0.601119
0.125 0.668428
0.167 1.07439
0.209 1.1842
0.25 1.1943
0.292 0.826865
0.334 0.79893
0.376 0.785583
0.418 1.14337
0.459 1.16309
0.501 1.17813
0.543 0.850461
0.585 0.807374
0.627 0.789217
0.668 1.1142
0.71 1.14718
0.752 1.16183
0.794 0.864004
0.836 0.792315
0.878 0.776014
0.919 1.13199
0.961 1.18327
1.003 1.15994
1.045 0.876096
1.087 0.806237
1.128 0.804119
1.17 1.12234
1.212 1.18778
1.254 1.16093
1.296 0.877168
1.337 0.85033
1.379 0.810564
1.421 1.08329
1.463 1.18384
1.505 1.15946
1.547 0.996257
1.588 0.805021
1.63 0.808433
1.672 1.11626
1.714 1.17054
1.756 1.18213
1.797 0.965367
1.839 0.819545
1.881 0.806904
1.923 1.11473
1.965 1.20616
2.006 1.18476
2.048 0.952412
2.09 0.813348
2.132 0.808512
2.174 1.10039
2.216 1.17054
2.257 1.16635
2.299 0.99376
2.341 0.802891
2.383 0.798472
2.425 1.05771
2.466 1.17716
2.508 1.19637
2.55 1.07164
2.592 0.822708
2.634 0.815623
2.675 1.05949
2.717 1.19741
2.759 1.20254
2.801 1.05398
2.843 0.779674
2.885 0.790524
2.926 1.01733
2.968 1.19192
3.01 1.19403
3.052 1.04343
3.094 0.797701
3.135 0.787544
3.177 0.993276
3.219 1.15369
3.261 1.17137
3.303 1.05831
3.344 0.77587
3.386 0.77587
3.428 0.977982
3.47 1.17798
3.512 1.17964
3.554 1.07157
3.595 0.762405
3.637 0.771948
3.679 0.943915
3.721 1.15452
3.763 1.162
3.804 1.10413
3.846 0.814237
3.888 0.795962
3.93 0.958216
3.972 1.16829
4.013 1.1495
4.055 1.09073
4.097 0.811361
4.139 0.790707
4.181 0.939745
4.222 1.19587
4.264 1.16588
4.306 1.08421
4.348 0.777622
4.39 0.790864
4.432 0.921248
4.473 1.1516
4.515 1.16099
4.557 1.12307
4.599 0.798485
4.641 0.781922
4.682 0.904829
4.724 1.16941
4.766 1.20147
4.808 1.1301
4.85 0.807884
4.891 0.786472
4.933 0.854827
4.975 1.15786
5.017 1.17003
5.059 1.15828
5.101 0.789243
5.142 0.789583
5.184 0.861232
5.226 1.15654
5.268 1.17463
5.31 1.16634
5.351 0.808433
5.393 0.777504
5.435 0.806054
5.477 1.17031
5.519 1.16633
5.56 1.14067
5.602 0.796028
5.644 0.780354
5.686 0.814616
5.728 1.16468
5.77 1.17885
5.811 1.17105
5.853 0.79442
5.895 0.790668
5.937 0.784328
5.979 1.17264
6.02 1.20062
6.062 1.21092
6.104 0.820577
6.146 0.787125
6.188 0.781766
6.229 1.13702
6.271 1.16676
6.313 1.17467
6.355 0.81995
6.397 0.802982
6.439 0.830159
6.48 1.12948
6.522 1.17437
6.564 1.15573
6.606 0.878645
6.648 0.805793
6.689 0.791583
6.731 1.13037
6.773 1.16378
6.815 1.1774
6.857 0.873756
6.898 0.773896
6.94 0.770772
6.982 1.11978
7.024 1.16944
7.066 1.18551
7.108 0.904293
7.149 0.805544
7.191 0.80727
7.233 1.10672
7.275 1.19683
7.317 1.17624
7.358 0.929862
7.4 0.765033
7.442 0.81412
7.484 1.08533
7.526 1.18739
7.567 1.21981
7.609 0.981027
7.651 0.790419
7.693 0.802812
7.735 1.09682
7.777 1.17496
7.818 1.21378
7.86 0.997512
7.902 0.793831
7.944 0.785818
7.986 1.09877
8.027 1.20462
8.069 1.18859
8.111 0.99023
8.153 0.803348
8.195 0.800394
8.236 1.09402
8.278 1.14677
8.32 1.19319
8.362 1.03458
8.404 0.78804
8.445 0.77353
8.487 1.0743
8.529 1.15794
8.571 1.16694
8.613 1.02405
8.655 0.786498
8.696 0.785635
8.738 1.00785
8.78 1.16268
8.822 1.23166
8.864 1.05145
8.905 0.802734
8.947 0.784511
8.989 0.985733
9.031 1.14217
9.073 1.18207
9.114 1.04562
9.156 0.803923
9.198 0.818434
9.24 0.999995
9.282 1.17666
9.324 1.17439
9.365 1.09304
9.407 0.796916
9.449 0.784929
9.491 0.970007
9.533 1.20824
9.574 1.19392
9.616 1.08405
9.658 0.817545
9.7 0.781347
9.742 0.97406
9.783 1.16263
9.825 1.20115
9.867 1.08782
9.909 0.793661
9.951 0.775674
9.993 0.93649
10.034 1.15133
10.076 1.19541
10.118 1.10886
10.16 0.804642
10.202 0.803283
10.243 0.947327
10.285 1.15103
10.327 1.16054
10.369 1.10609
10.411 0.809688
10.452 0.806368
10.494 0.889861
10.536 1.1554
10.578 1.16605
10.62 1.12637
10.662 0.820891
10.703 0.776798
10.745 0.890541
10.787 1.16948
10.829 1.19566
10.871 1.17139
10.912 0.79693
10.954 0.801087
10.996 0.890358
11.038 1.15715
11.08 1.20645
11.121 1.14575
11.163 0.809649
11.205 0.799296
11.247 0.861415
11.289 1.1713
11.331 1.18795
11.372 1.13699
11.414 0.814904
11.456 0.813937
11.498 0.858892
11.54 1.18879
11.581 1.19268
11.623 1.17152
11.665 0.801322
11.707 0.811374
11.749 0.825061
11.79 1.17693
11.832 1.16617
11.874 1.16676
11.916 0.810616
11.958 0.794825
12 0.77787
12.041 1.11455
12.083 1.13793
12.125 1.17645
12.167 0.846931
12.209 0.806041
12.25 0.815348
12.292 1.18203
12.334 1.15256
12.376 1.21148
12.418 0.822264
12.459 0.803257
12.501 0.774981
12.543 1.13918
12.585 1.20266
12.627 1.15578
12.668 0.873716
12.71 0.797701
12.752 0.808472
12.794 1.16065
12.836 1.19747
12.878 1.1735
12.919 0.906593
12.961 0.803426
13.003 0.809204
13.045 1.13988
13.087 1.19262
13.128 1.17603
13.17 0.888371
13.212 0.779047
13.254 0.787086
13.296 1.10772
13.337 1.17561
13.379 1.17983
13.421 0.905299
13.463 0.800015
13.505 0.779909
13.547 1.09299
13.588 1.19153
13.63 1.18204
13.672 0.956059
13.714 0.792459
13.756 0.800943
13.797 1.12618
13.839 1.22964
13.881 1.20103
13.923 0.954896
13.965 0.824447
14.006 0.80791
14.048 1.0855
14.09 1.22416
14.132 1.21134
14.174 0.980949
14.216 0.812708
14.257 0.820734
END
